                               				 			      N S S 1 1 0 0 0 0 0 1 0 1 1 0 0 0 0 1 1 1 0 0 1 0 0 0 1 0 0 0 0 1 1 0 0  
	L=17						 						    1 N 1 1 1 0 0 0 0 0 1 0 1 1 0 0 0 0 1 1 1 0 0 1 0 0 0 1 0 0 0 0 1 1 0   S   
	L+1= 13								 				1 N 0 0 0 0 0 0 0 0 0 0 0 0 0 0 0 0 0 0 0 0 0 0 0 0 0 0 0 0 0 0 0 0 0   S
								     				1 N 0 0 1 1 1 1 1 0 1 0 0 1 1 1 1 0 0 0 1 1 0 1 1 1 0 1 1 1 1 0 1 0 0   S    
          						 				1 N 1 1 1 0 0 0 0 0 1 0 1 1 0 0 0 0 1 1 1 0 0 1 0 0 0 1 0 0 0 0 1 1 0   S
										    1 N 0 0 1 1 1 1 1 0 1 0 0 1 1 1 1 0 0 0 1 1 0 1 1 1 0 1 1 1 1 0 1 0 0   S
						 				1 N 1 1 1 0 0 0 0 0 1 0 1 1 0 0 0 0 1 1 1 0 0 1 0 0 0 1 0 0 0 0 1 1 0   S
					 				1 N 0 0 0 1 1 1 1 1 0 1 0 0 1 1 1 1 0 0 0 1 1 0 1 1 1 0 1 1 1 1 0 1 0   S              
							    1 N 1 1 0 0 0 0 0 1 0 1 1 0 0 0 0 1 1 1 0 0 1 0 0 0 1 0 0 0 0 1 1 0 0   S              
 			 				1 N 0 0 0 0 0 0 0 0 0 0 0 0 0 0 0 0 0 0 0 0 0 0 0 0 0 0 0 0 0 0 0 0 0   S
						1 N 0 0 1 1 1 1 1 0 1 0 0 1 1 1 1 0 0 0 1 1 0 1 1 1 0 1 1 1 1 0 1 0 0   S
				    1 N 1 1 0 0 0 0 0 1 0 1 1 0 0 0 0 1 1 1 0 0 1 0 0 0 1 0 0 0 0 1 1 0 0   S 
			    1 N 1 1 1 0 0 0 0 0 1 0 1 1 0 0 0 0 1 1 1 0 0 1 0 0 0 1 0 0 0 0 1 1 0   S        ----13
		    1 N 0 0 0 0 0 0 0 0 0 0 0 0 0 0 0 0 0 0 0 0 0 0 0 0 0 0 0 0 0 0 0 0 0   S
		1 N 0 0 0 0 0 0 0 0 0 0 0 0 0 0 0 0 0 0 0 0 0 0 0 0 0 0 0 0 0 0 0 0 0   S
	  N 0 0 0 1 1 1 1 1 0 1 0 0 1 1 1 1 0 0 0 1 1 0 1 1 1 0 1 1 1 1 0 1 0   S
      0 0 0 0 0 0 0 0 0 0 0 0 0 0 0 0 0 0 0 0 0 0 0 0 0 0 0 0 0 0 0 0   S
